0.007568 0.140331 -0.000678
-0.021216 0.140943 0.000188
-0.021369 0.140510 0.002052
0.015040 0.137249 0.002304
0.017494 0.135915 0.003593
-0.037508 0.135007 0.003254
-0.034855 0.135845 0.004497
-0.043199 0.131471 0.006408
-0.043050 0.131562 0.006327
0.031916 0.125331 0.013710
0.031327 0.122422 0.019943
-0.049562 0.122649 0.017996
0.031021 0.104424 0.036612
0.033123 0.102546 0.034846
-0.056588 0.106429 0.031530
-0.057022 0.102063 0.034453
0.026029 0.098934 0.041592
-0.048992 0.100948 0.038115
0.023072 0.096513 0.043772
0.025648 0.094103 0.042509
0.017303 0.091173 0.047493
-0.037603 0.089371 0.046287
-0.027490 0.086118 0.048767
-0.009709 0.084051 0.054614
-0.015100 0.080481 0.054256
-0.011649 0.137563 -0.026964
-0.003882 0.139141 -0.024708
0.001344 0.137072 -0.026230
0.015650 0.135187 -0.020626
-0.025044 0.134624 -0.024528
0.024166 0.131348 -0.020437
0.033891 0.127362 -0.012984
-0.044818 0.128769 -0.015978
0.058714 0.111840 0.001931
-0.075545 0.115041 -0.003918
0.059831 0.087006 0.021414
-0.067165 0.086996 0.018697
0.050428 0.081597 0.029774
-0.072699 0.084318 0.021059
0.045777 0.076239 0.031088
0.049215 0.077785 0.029730
0.039669 0.072724 0.034213
-0.073888 0.076280 0.032032
0.026916 0.065941 0.040661
-0.063981 0.071727 0.036463
-0.051269 0.068829 0.039421
0.021324 0.062504 0.043290
-0.023729 0.057734 0.048469
-0.018657 0.055437 0.048979
-0.013626 0.130250 -0.041534
-0.015668 0.128440 -0.043451
-0.008388 0.130399 -0.041560
-0.005717 0.128806 -0.043577
0.007130 0.127060 -0.041684
0.014709 0.124910 -0.039528
0.029603 0.120484 -0.031558
-0.044486 0.120214 -0.032898
-0.050543 0.114929 -0.031682
0.054712 0.109413 -0.024311
0.055089 0.111161 -0.022372
0.054211 0.105610 -0.020788
-0.068361 0.108640 -0.022686
0.052577 0.097871 -0.010113
0.053072 0.095880 -0.011808
0.054239 0.090265 -0.006580
-0.072298 0.097309 -0.012272
0.054302 0.088344 -0.004799
-0.069155 0.090980 -0.009891
0.058045 0.071479 0.010907
-0.067668 0.068077 0.011729
-0.055866 0.067275 0.012357
-0.056171 0.065224 0.017802
0.027203 0.062772 0.021863
0.046056 0.060378 0.024487
-0.055370 0.063549 0.019371
0.041116 0.058208 0.026390
-0.001351 0.055784 0.026087
-0.071480 0.057599 0.020987
-0.064766 0.056088 0.026082
-0.047398 0.053411 0.025385
0.008588 0.052481 0.030998
0.029366 0.051594 0.032267
0.032122 0.052836 0.031175
-0.059017 0.054698 0.027493
0.026592 0.050197 0.033502
-0.037902 0.049078 0.029603
-0.005157 0.047362 0.031896
-0.004728 0.048096 0.031226
-0.028331 0.049264 0.033187
-0.025759 0.048939 0.033544
0.015794 0.045029 0.034508
-0.036324 0.047876 0.034302
-0.026088 0.044013 0.034550
-0.008272 0.042244 0.040122
-0.010692 0.113943 -0.058318
0.004780 0.114447 -0.054901
-0.026677 0.111176 -0.056097
0.017448 0.109051 -0.053181
0.020084 0.110359 -0.050785
0.047538 0.098535 -0.042792
0.051342 0.086443 -0.031506
-0.063060 0.091708 -0.035290
0.050030 0.084014 -0.029284
0.049884 0.082104 -0.027517
-0.072467 0.088367 -0.032395
0.050242 0.080168 -0.025716
0.051499 0.068599 -0.014969
-0.075920 0.073359 -0.022115
-0.073136 0.072416 -0.018931
0.055209 0.056751 -0.000361
0.055948 0.054944 -0.002222
0.054787 0.050552 0.004431
0.036405 0.049560 0.004880
0.051375 0.047515 0.004563
0.049166 0.046427 0.006958
0.072303 0.042772 0.009786
0.085349 0.042500 0.009939
-0.093862 0.050116 -0.000965
-0.091285 0.049835 -0.000649
-0.084507 0.048884 0.000378
0.043694 0.045543 0.009776
0.072065 0.041509 0.012241
0.082206 0.039653 0.015369
0.092635 0.037848 0.014406
-0.112531 0.048837 0.003371
-0.078779 0.047300 0.005519
-0.076275 0.046390 0.006416
-0.120591 0.046342 0.004608
-0.063399 0.042774 0.006492
0.068786 0.036586 0.018052
-0.123458 0.045024 0.006669
-0.051849 0.041271 0.011683
0.094062 0.031856 0.019988
-0.046306 0.039063 0.013848
0.060221 0.031713 0.019394
0.093327 0.029978 0.021713
-0.066724 0.036448 0.012282
-0.007087 0.033537 0.016690
0.081242 0.031840 0.023278
-0.028021 0.034957 0.018045
-0.012360 0.032829 0.016802
0.078271 0.028396 0.025795
0.088675 0.026696 0.025275
-0.067230 0.034472 0.017653
-0.009952 0.033227 0.020036
-0.064903 0.030601 0.017739
-0.128882 0.018466 0.031160
-0.026913 0.009437 0.038164
-0.012502 0.009332 0.038570
-0.126897 0.013205 0.032526
-0.126116 0.014486 0.034906
-0.031964 0.007784 0.039586
-0.026005 0.005965 0.042224
-0.018222 0.005563 0.042776
-0.124707 0.009612 0.035902
-0.124005 0.008773 0.036694
-0.123164 0.006812 0.038530
-0.076673 0.004376 0.041785
-0.000648 -0.001526 0.048885
-0.016525 -0.001994 0.050218
-0.011336 -0.002284 0.050562
-0.006360 -0.004949 0.052160
-0.003747 -0.005063 0.052096
-0.004120 -0.005179 0.052195
-0.094790 -0.002148 0.047834
-0.006403 -0.005454 0.052401
-0.105205 -0.002167 0.047235
0.001703 0.092572 -0.064661
0.006895 0.093259 -0.063629
0.017392 0.090607 -0.060947
-0.019460 0.088974 -0.063776
-0.011494 0.090137 -0.064682
0.014346 0.087894 -0.062049
0.028038 0.080613 -0.055009
-0.041303 0.084097 -0.056175
-0.045894 0.080503 -0.052944
-0.043985 0.082271 -0.054541
0.036275 0.076673 -0.047631
0.046768 0.075000 -0.049406
0.038530 0.071519 -0.046358
0.050867 0.069830 -0.044528
0.052265 0.065922 -0.040877
-0.051569 0.071214 -0.044459
-0.050706 0.068192 -0.043768
-0.052345 0.069337 -0.042736
0.054077 0.058008 -0.029955
-0.047073 0.054296 -0.031387
-0.045685 0.053799 -0.031748
-0.049874 0.054272 -0.028725
0.052026 0.048529 -0.021216
0.066436 0.044470 -0.017147
0.102707 0.042149 -0.014218
0.040061 0.043404 -0.016725
0.055716 0.040816 -0.017542
0.108852 0.038031 -0.013821
0.032389 0.043489 -0.016968
0.026802 0.039780 -0.014624
0.110029 0.037811 -0.010041
0.112275 0.034700 -0.007110
0.046229 0.033494 -0.007411
-0.093340 0.039731 -0.016185
-0.109176 0.038238 -0.015141
-0.111834 0.035715 -0.016412
-0.121773 0.032862 -0.013982
-0.065558 0.031796 -0.008237
-0.057978 0.027932 -0.007381
0.037425 0.024369 0.000855
-0.126267 0.029263 -0.010743
-0.055604 0.027635 -0.004168
-0.029532 0.027383 -0.003374
0.022269 0.021824 -0.000662
-0.050667 0.024833 -0.002104
-0.040292 0.024381 -0.001279
0.111011 0.014910 0.007648
-0.125368 0.021547 -0.003575
0.105980 -0.002082 0.023284
0.052795 -0.005145 0.028531
0.065755 -0.005922 0.029530
0.067611 -0.009657 0.029479
0.068231 -0.007071 0.030647
0.083726 -0.008489 0.032293
0.090192 -0.010841 0.031061
0.088884 -0.011141 0.031311
0.073132 -0.011915 0.031690
0.078296 -0.012394 0.032244
0.045296 -0.016307 0.038712
-0.021816 -0.012790 0.034013
-0.096856 -0.013260 0.031696
-0.076337 -0.015722 0.035484
-0.024443 -0.018820 0.038708
-0.021849 -0.018976 0.038868
-0.071351 -0.017677 0.037478
0.042009 -0.025571 0.043675
0.042966 -0.024331 0.042547
-0.071560 -0.021334 0.037718
-0.019691 -0.023334 0.042128
-0.014432 -0.024105 0.041105
-0.089810 -0.019280 0.038567
-0.071585 -0.021791 0.037734
0.034352 -0.030439 0.048991
-0.061929 -0.026376 0.045740
-0.062078 -0.029381 0.045617
0.026099 -0.032820 0.053071
0.029142 -0.034483 0.051656
-0.059701 -0.031696 0.047265
-0.059781 -0.031741 0.047206
-0.052402 -0.034302 0.053072
0.007445 -0.035776 0.055939
0.012560 -0.038790 0.055291
-0.039874 -0.038637 0.057574
-0.021668 -0.039195 0.058482
-0.019047 -0.039103 0.058452
-0.005978 -0.041075 0.057010
-0.003325 -0.040705 0.056724
-0.032280 -0.042778 0.058023
0.090569 0.032991 -0.034397
0.058288 0.030226 -0.032528
0.047597 0.025034 -0.027947
0.109817 0.014254 -0.020174
0.008857 0.019395 -0.023554
0.000167 0.018854 -0.023239
-0.090703 0.020887 -0.030624
-0.083029 0.021667 -0.027632
-0.023481 0.017513 -0.022504
-0.080673 0.017380 -0.027159
-0.028673 0.015638 -0.024429
0.068885 -0.018440 0.012790
0.066762 -0.021836 0.012340
0.065995 -0.022951 0.013357
0.065187 -0.021903 0.015919
0.086195 -0.027805 0.019897
0.059750 -0.031696 0.021326
0.056667 -0.035736 0.025003
0.047756 -0.047682 0.035880
-0.074601 -0.042219 0.028192
-0.072234 -0.042176 0.031754
-0.065515 -0.049565 0.038744
-0.061080 -0.053632 0.042607
0.022320 -0.059446 0.049784
0.009739 -0.063095 0.052895
-0.045243 -0.063899 0.048909
-0.022715 -0.065873 0.053479
0.000834 -0.064609 0.054107
-0.020204 -0.068068 0.053309
-0.004560 -0.068211 0.053778
0.069791 0.016913 -0.048352
0.098928 0.013955 -0.044985
0.100409 0.013016 -0.040532
0.100231 0.006068 -0.034099
-0.014805 0.007774 -0.041699
0.005943 0.008760 -0.038617
0.005978 0.006938 -0.040479
0.013657 0.007758 -0.037523
0.024103 0.007805 -0.037342
0.029369 0.006075 -0.039177
-0.054598 0.002307 -0.037488
-0.099349 0.001117 -0.033941
-0.094384 -0.001047 -0.031802
-0.106328 -0.002280 -0.030798
-0.102381 -0.002930 -0.031002
-0.094607 -0.002956 -0.030045
-0.105203 -0.004498 -0.029205
-0.076821 -0.009143 -0.027357
-0.082700 -0.014872 -0.022174
-0.088162 -0.014851 -0.018992
-0.088441 -0.017094 -0.016688
-0.085978 -0.020345 -0.016959
-0.087513 -0.020521 -0.013493
0.057105 -0.044714 0.012027
0.056005 -0.047066 0.010632
0.052330 -0.052775 0.019394
0.044453 -0.063595 0.029250
-0.057459 -0.066701 0.026389
0.035660 -0.071817 0.036679
0.032873 -0.075445 0.036430
0.027344 -0.075958 0.040337
-0.029983 -0.076161 0.037573
-0.032628 -0.077552 0.036976
0.005703 -0.084569 0.044300
-0.028221 -0.082374 0.045089
0.024506 -0.007570 -0.054605
0.029691 -0.008137 -0.054407
-0.024668 -0.007279 -0.052818
-0.012132 -0.008647 -0.054832
0.086151 -0.020756 -0.037953
0.085852 -0.022657 -0.036197
0.056493 -0.034390 -0.029507
-0.065638 -0.029907 -0.036283
0.056992 -0.036333 -0.027696
-0.067295 -0.033654 -0.032846
-0.070117 -0.033898 -0.029615
0.059173 -0.045541 -0.018127
-0.068343 -0.058524 -0.009825
0.043894 -0.065158 -0.001269
0.037418 -0.073764 0.010116
0.028314 -0.085823 0.019099
0.029455 -0.084890 0.020253
0.005205 -0.031460 -0.058177
-0.017374 -0.033305 -0.056952
-0.000167 -0.034876 -0.058678
0.020656 -0.035373 -0.057770
0.023170 -0.036197 -0.056953
0.028178 -0.037610 -0.051986
-0.043258 -0.039618 -0.051659
-0.005378 -0.043520 -0.047230
-0.048203 -0.041745 -0.049794
-0.047813 -0.044981 -0.050338
0.044130 -0.055746 -0.034929
0.016875 -0.060209 -0.059694
0.024313 -0.063565 -0.056425
-0.020143 -0.065979 -0.058000
0.025829 -0.066966 -0.053242
-0.036182 -0.067807 -0.054309
-0.033679 -0.070536 -0.054761
-0.047214 -0.073608 -0.050430
0.025422 -0.077273 -0.045191
-0.047337 -0.075715 -0.050256
0.025596 -0.080225 -0.044512
-0.011198 0.132939 -0.036872
0.009403 0.130540 -0.034207
-0.028643 0.130438 -0.031379
0.022355 0.127765 -0.027808
-0.032784 0.129045 -0.030177
0.034283 0.122228 -0.022422
0.037334 0.119461 -0.023343
0.047075 0.117898 -0.021686
-0.052226 0.119046 -0.021330
-0.057763 0.114217 -0.020525
0.053476 0.105194 -0.009777
0.055070 0.104961 -0.005976
0.053991 0.095431 0.002831
0.055855 0.085896 0.008154
0.056371 0.086035 0.008370
-0.069839 0.088649 0.002906
0.054381 0.070965 0.025507
-0.052092 0.073490 0.017332
-0.070763 0.072202 0.021675
-0.073507 0.068934 0.021094
-0.029341 0.068268 0.024496
0.003858 0.063027 0.031778
0.008910 0.060264 0.032235
-0.070122 0.063589 0.029669
0.006141 0.059592 0.035009
-0.040798 0.058486 0.031477
-0.038135 0.061063 0.032697
-0.061632 0.058897 0.030648
-0.048962 0.055643 0.033935
-0.025683 0.053830 0.036115
-0.024886 0.053699 0.036253
-0.040712 0.054378 0.038834
0.015644 0.052223 0.042041
0.004806 0.046710 0.043366
-0.005767 0.045586 0.044180
-0.016025 0.121461 -0.051195
-0.013386 0.121706 -0.051366
-0.000394 0.123321 -0.049032
0.002212 0.121162 -0.050526
0.049938 0.107337 -0.033142
0.052445 0.104334 -0.033856
-0.057085 0.104217 -0.032549
-0.060250 0.102045 -0.031449
-0.065615 0.101322 -0.030049
0.051265 0.096377 -0.022959
-0.071049 0.097379 -0.030063
0.052693 0.088878 -0.015980
-0.073636 0.087829 -0.017720
-0.070093 0.083246 -0.016948
-0.069123 0.080073 -0.013987
-0.069077 0.072401 -0.006878
-0.068992 0.071052 -0.004477
0.055346 0.064365 0.006789
0.058130 0.059983 0.007359
-0.069966 0.062862 0.001942
-0.052185 0.061780 0.006876
-0.043946 0.062254 0.004582
-0.042986 0.061448 0.003831
0.032361 0.051747 0.014436
-0.029209 0.053453 0.011534
0.043027 0.051038 0.018873
-0.071120 0.055103 0.012656
0.027750 0.051608 0.018017
-0.024776 0.048754 0.019362
-0.055512 0.046766 0.017166
-0.042937 0.047675 0.016593
-0.095089 0.048117 0.015064
-0.092650 0.047486 0.017090
-0.032875 0.046559 0.021393
0.021517 0.042956 0.025899
-0.098073 0.047044 0.019545
-0.092897 0.046626 0.019979
0.010957 0.039817 0.025031
0.013799 0.041066 0.027485
-0.028190 0.041990 0.025728
-0.080369 0.041988 0.024251
-0.018080 0.037042 0.026978
-0.015541 0.038557 0.029180
-0.078167 0.038716 0.027688
-0.077848 0.038200 0.028173
-0.120584 0.036605 0.028734
-0.073688 0.031447 0.032947
-0.125146 0.027407 0.033607
-0.074345 0.025194 0.037650
-0.117766 0.024953 0.039590
-0.119099 0.019421 0.041137
-0.101406 0.018583 0.045843
-0.109404 0.015292 0.045599
-0.099038 0.015242 0.046859
-0.014272 0.103321 -0.062755
-0.010896 0.103721 -0.063053
-0.005613 0.106372 -0.061845
0.004597 0.102577 -0.061169
-0.026200 0.103797 -0.059901
0.024880 0.098737 -0.055051
0.032243 0.095297 -0.050771
0.036994 0.091291 -0.046957
-0.048716 0.093473 -0.050819
0.050707 0.086495 -0.045770
0.052152 0.084502 -0.043892
-0.058228 0.080457 -0.039151
-0.063776 0.077776 -0.036598
-0.069613 0.075395 -0.034518
0.051831 0.059851 -0.021059
0.051690 0.059451 -0.017141
0.053185 0.057605 -0.018950
-0.070799 0.060288 -0.024057
-0.071277 0.057862 -0.019041
-0.066730 0.050669 -0.014694
0.060464 0.044410 -0.006567
0.062957 0.044998 -0.004395
0.047171 0.043777 -0.003866
-0.064597 0.047373 -0.010288
-0.059642 0.045635 -0.007690
-0.077999 0.043553 -0.008418
-0.059724 0.045508 -0.006614
0.106320 0.036906 0.004920
0.019744 0.038118 0.001939
0.051473 0.035637 0.003276
-0.114541 0.043361 -0.009352
-0.064273 0.036769 0.001386
-0.026524 0.029189 0.005669
-0.128874 0.033750 0.001485
0.006040 0.026109 0.010315
-0.128617 0.032472 0.003986
-0.028000 0.025431 0.009118
-0.027884 0.025520 0.009039
0.045446 0.021582 0.014261
-0.054088 0.026034 0.010316
0.049681 0.020658 0.017650
-0.049333 0.021377 0.013581
0.049253 0.016041 0.020302
0.054412 0.017041 0.022037
-0.046966 0.019516 0.015718
0.049065 0.013940 0.021420
0.100976 0.013559 0.026438
-0.036093 0.018036 0.019347
-0.028831 0.019561 0.018090
0.009895 0.015911 0.022303
0.098158 0.011789 0.028018
-0.126132 0.019070 0.012906
-0.124475 0.020751 0.014935
0.022611 0.013055 0.025222
0.095379 0.010344 0.029296
0.100648 0.008637 0.027440
0.097852 0.007057 0.028844
0.037691 0.006650 0.027930
0.066344 0.007585 0.031230
0.034928 0.005920 0.030641
0.071390 0.006102 0.032712
0.073851 0.003525 0.032982
0.084282 0.002618 0.032666
-0.126954 0.013212 0.021867
0.071183 0.002212 0.032761
0.076377 0.001987 0.033081
0.078991 0.002022 0.033105
0.037084 0.001623 0.033967
0.027638 -0.010884 0.047511
0.027032 -0.012114 0.048638
-0.079909 -0.008427 0.042926
-0.056281 -0.011582 0.046357
0.024611 -0.014447 0.050747
0.024261 -0.019147 0.052229
-0.097841 -0.012508 0.046322
-0.092632 -0.012610 0.046529
-0.097914 -0.015249 0.045310
0.008225 -0.021129 0.055755
0.008296 -0.020033 0.055573
0.013354 -0.023534 0.055375
-0.044065 -0.021375 0.055693
-0.012948 -0.023126 0.057983
-0.002787 -0.025740 0.057072
-0.033955 -0.024566 0.058243
-0.026370 -0.027963 0.059380
-0.026203 -0.024869 0.059313
-0.024361 -0.028444 0.059114
0.064310 0.032727 -0.032909
0.066931 0.033861 -0.032160
0.044720 0.025035 -0.024459
0.104063 0.021925 -0.020304
0.013245 0.021202 -0.021584
-0.002557 0.019085 -0.021485
-0.111757 0.023644 -0.026540
-0.111757 0.023651 -0.026535
-0.020923 0.019187 -0.020450
0.113304 0.011854 -0.010775
-0.073085 0.019548 -0.021904
-0.067964 0.018695 -0.021004
-0.055271 0.015637 -0.017898
0.080883 -0.025313 0.022967
0.054910 -0.033018 0.029548
0.050636 -0.039196 0.033875
0.048637 -0.040359 0.036215
-0.065252 -0.047295 0.040197
-0.058075 -0.052878 0.045524
-0.053113 -0.055088 0.047678
0.082961 0.022107 -0.045890
0.090670 0.021135 -0.044714
0.047873 0.012305 -0.037451
0.037412 0.009210 -0.034808
0.042422 0.010333 -0.035741
0.107210 0.006350 -0.030660
-0.018116 0.010203 -0.036920
-0.004516 0.010717 -0.037104
0.023987 0.008936 -0.034842
-0.044077 0.007232 -0.034724
-0.104344 0.004589 -0.034668
-0.101737 0.003906 -0.035077
-0.099142 0.003719 -0.034950
-0.096848 0.000272 -0.032959
-0.079281 -0.004970 -0.026430
0.056994 -0.043540 0.014488
0.044191 -0.063853 0.029482
-0.060281 -0.064324 0.031137
-0.050101 -0.064813 0.031899
-0.045594 -0.073387 0.038596
-0.040416 -0.073193 0.039462
0.003024 -0.081554 0.047473
0.008375 -0.079802 0.047042
-0.010110 -0.081622 0.048332
0.000395 -0.081078 0.048053
0.093127 0.011347 -0.049794
0.095170 0.004865 -0.043745
0.059806 0.001116 -0.044581
0.008772 0.002145 -0.046629
0.016588 0.004144 -0.044764
0.089217 0.000250 -0.039596
-0.025198 0.001823 -0.047060
0.008689 0.003559 -0.044391
0.039870 0.000234 -0.044191
0.045027 -0.000313 -0.043574
-0.027846 0.001505 -0.046822
-0.071327 -0.012745 -0.033837
-0.075422 -0.018639 -0.029180
-0.076248 -0.020513 -0.027461
-0.078228 -0.025402 -0.019423
-0.078118 -0.026316 -0.018573
-0.076960 -0.035964 -0.009610
0.052208 -0.056154 0.011870
0.042234 -0.070820 0.021694
-0.037400 -0.080010 0.028615
0.026942 -0.081672 0.034971
0.026404 -0.083412 0.033021
0.006185 -0.088254 0.040624
0.008122 -0.024602 -0.057367
0.021024 -0.026803 -0.056602
-0.020848 -0.026804 -0.055949
-0.015717 -0.029688 -0.056717
-0.007791 -0.028871 -0.057304
-0.034350 -0.031505 -0.053303
-0.029040 -0.032010 -0.054852
0.038063 -0.037073 -0.046301
0.010602 -0.036988 -0.045838
0.042380 -0.045895 -0.039895
-0.053855 -0.041736 -0.043740
0.048685 -0.048571 -0.034289
-0.054363 -0.047005 -0.037952
0.047865 -0.054130 -0.032706
0.049254 -0.053235 -0.031562
0.045804 -0.065525 -0.022192
-0.055141 -0.073656 -0.016825
-0.048719 -0.073993 -0.016375
-0.050472 -0.079173 -0.008063
-0.019357 -0.051202 -0.058166
-0.016790 -0.052716 -0.058628
-0.030108 -0.053846 -0.055946
0.025881 -0.068222 -0.044975
0.028103 -0.069608 -0.040407
0.018465 -0.081169 -0.057992
-0.010922 0.128939 0.030867
-0.005526 0.128598 0.031182
-0.003173 0.128177 0.031623
0.001198 0.124411 0.035206
-0.009239 0.121945 0.038917
0.001153 0.120762 0.038954
-0.014872 0.118363 0.042030
0.000482 0.115124 0.044321
-0.017906 0.114392 0.045050
-0.000234 0.111065 0.047541
-0.014781 0.109910 0.048299
-0.010071 0.143591 -0.007661
0.013113 0.138845 -0.006317
0.027906 0.131431 0.000871
0.036357 0.123767 0.008153
-0.054294 0.122580 0.010858
-0.065081 0.117954 0.012115
-0.060040 0.118096 0.014889
0.040379 0.105273 0.027163
0.037459 0.103685 0.030334
0.031019 0.092986 0.039639
0.032023 0.089482 0.039826
-0.065398 0.093451 0.035626
0.017186 0.084707 0.044332
0.017204 0.084507 0.044118
-0.058053 0.088368 0.038925
-0.042882 0.086298 0.044719
0.011197 0.080837 0.050939
0.008290 0.075476 0.052471
-0.019460 0.134405 -0.029773
0.004097 0.134050 -0.030472
-0.030306 0.132118 -0.025920
-0.035627 0.129168 -0.026802
-0.038510 0.128961 -0.023121
0.056576 0.116234 -0.009288
0.056742 0.115533 -0.012185
-0.062951 0.118516 -0.013967
-0.074624 0.110338 -0.006641
-0.072948 0.107536 -0.004009
-0.068024 0.098530 0.002275
0.060018 0.092898 0.012408
-0.068695 0.092851 0.007598
-0.066923 0.082445 0.015818
-0.073957 0.075144 0.022431
-0.065319 0.076224 0.021616
0.041251 0.070874 0.032411
-0.040872 0.071493 0.026524
-0.047673 0.073006 0.028527
-0.047981 0.068255 0.029372
0.002325 0.063477 0.034879
-0.064168 0.063770 0.033180
-0.064150 0.066043 0.034624
-0.025349 0.061949 0.037420
-0.025452 0.060038 0.037469
-0.043956 0.060174 0.040496
0.018479 0.058383 0.043495
-0.037011 0.057720 0.042919
0.015676 0.054615 0.043376
0.004846 0.053410 0.047811
-0.015136 0.117807 -0.054891
-0.002915 0.119841 -0.052964
-0.000336 0.117456 -0.054249
0.019949 0.114481 -0.047506
0.027454 0.111701 -0.044769
0.027440 0.109464 -0.046248
-0.048597 0.106139 -0.044799
0.039686 0.102590 -0.039616
-0.055158 0.102499 -0.038016
-0.076855 0.090215 -0.027100
0.052189 0.083452 -0.018064
-0.077170 0.085441 -0.026235
-0.069026 0.072698 -0.014253
-0.069081 0.070784 -0.012481
-0.069086 0.068867 -0.010705
0.052180 0.064279 -0.000300
-0.069001 0.066047 -0.008090
-0.069936 0.061242 -0.003658
-0.069812 0.061242 -0.000105
-0.070041 0.058669 0.001247
0.028743 0.055843 0.007013
-0.037123 0.057455 0.004105
0.036241 0.051693 0.011019
0.051661 0.050559 0.011746
0.022896 0.050374 0.011751
0.048953 0.047991 0.011171
-0.034338 0.052118 0.009110
0.040889 0.046000 0.012843
0.035446 0.044825 0.015040
-0.104841 0.049757 0.006234
-0.089292 0.048993 0.007592
-0.099939 0.049156 0.010446
-0.081975 0.046533 0.013263
-0.079386 0.045721 0.013009
-0.028174 0.037429 0.022081
-0.002209 0.035109 0.022861
-0.129737 0.037765 0.016810
-0.069780 0.032325 0.026689
-0.069310 0.022863 0.031915
-0.128767 0.020227 0.033081
-0.119725 0.013407 0.042251
-0.078187 0.009973 0.043800
-0.114164 0.011643 0.044899
-0.011112 0.098027 -0.064233
-0.002341 0.097244 -0.063969
-0.019113 0.096318 -0.063245
0.009548 0.095742 -0.062323
-0.024847 0.094589 -0.061992
0.017140 0.093703 -0.060271
0.029362 0.091598 -0.054507
-0.035347 0.091391 -0.059080
0.029665 0.091333 -0.054255
0.005474 0.084280 -0.050049
0.043591 0.081415 -0.048318
-0.048588 0.082412 -0.051219
-0.052207 0.083169 -0.048448
-0.055533 0.076874 -0.042687
-0.055767 0.074513 -0.041421
0.052290 0.061579 -0.026317
-0.057082 0.062039 -0.031978
-0.065335 0.059669 -0.027886
-0.055840 0.057867 -0.028633
-0.063185 0.055656 -0.024254
-0.056404 0.055829 -0.023207
-0.063418 0.054134 -0.022079
0.050529 0.045268 -0.013381
0.107414 0.039890 -0.008473
0.039462 0.041022 -0.007824
0.036647 0.039510 -0.006089
0.049393 0.036612 -0.003635
-0.103864 0.043266 -0.012585
-0.101202 0.043702 -0.012932
-0.095920 0.044233 -0.013310
-0.041616 0.038913 -0.008828
-0.103891 0.040912 -0.013955
0.045355 0.031473 -0.002006
0.048031 0.033100 0.000094
0.043100 0.026870 0.004281
-0.126493 0.032810 -0.006933
0.042864 0.025540 0.006663
0.037469 0.022125 0.006486
0.109728 0.016446 0.016850
-0.043629 0.021965 0.007238
0.029177 0.018186 0.009958
0.031621 0.017281 0.011706
0.036791 0.017844 0.012970
0.103560 0.001580 0.026940
-0.130142 0.011911 0.012352
0.045372 0.002489 0.028251
0.091236 0.000159 0.031543
0.084062 -0.001414 0.032783
0.070892 -0.003710 0.032480
0.086541 -0.004613 0.032314
0.078610 -0.005475 0.032941
-0.104240 -0.003017 0.030290
0.043950 -0.011686 0.037952
0.038398 -0.012472 0.041988
-0.101898 -0.007793 0.033122
-0.098045 -0.008944 0.032364
0.036698 -0.014238 0.043712
-0.080269 -0.011943 0.039075
-0.073645 -0.012859 0.036515
-0.093141 -0.017020 0.043503
-0.063976 -0.020316 0.043632
0.027024 -0.023318 0.051917
-0.050274 -0.026936 0.053610
0.018239 -0.030639 0.054962
-0.046275 -0.029063 0.055667
-0.008143 -0.031795 0.057543
-0.005407 -0.029839 0.057263
-0.042090 -0.032040 0.056827
-0.018748 -0.032963 0.058786
-0.004839 0.070505 -0.062412
-0.029776 0.061234 -0.052497
0.011773 0.055596 -0.049481
0.019344 0.056742 -0.047281
-0.029988 0.057150 -0.049241
-0.030976 0.057462 -0.049028
-0.022639 0.055258 -0.050357
0.014129 0.054194 -0.046848
0.000920 0.053591 -0.045324
0.012703 0.051488 -0.046106
0.019123 0.053342 -0.044135
-0.000615 0.052036 -0.043349
0.008284 0.048214 -0.042506
0.013442 0.049245 -0.040737
0.007812 0.045917 -0.037499
0.065861 0.035281 -0.029949
0.069452 0.037337 -0.028226
0.100715 0.034708 -0.028669
0.064125 0.036425 -0.027495
0.108196 0.033842 -0.024156
0.110145 0.028198 -0.018885
0.107548 0.025427 -0.019924
0.037419 0.023351 -0.019505
-0.103767 0.027136 -0.026042
-0.105175 0.026989 -0.025937
-0.082924 0.026805 -0.025289
-0.080515 0.025697 -0.024210
0.010365 0.023138 -0.016338
0.013120 0.022256 -0.019012
-0.076705 0.023580 -0.022167
0.109249 0.015602 -0.007233
-0.036780 0.019638 -0.017658
-0.026281 0.020137 -0.017894
0.111005 0.011675 -0.003557
0.112339 0.000335 0.003596
0.070091 -0.018775 0.023778
0.080720 -0.022466 0.027426
0.052565 -0.033045 0.033073
-0.084232 -0.028940 0.026333
-0.077221 -0.035272 0.033471
-0.077722 -0.035803 0.032832
0.040709 -0.042160 0.044815
0.027894 -0.052188 0.050281
-0.057907 -0.047205 0.047372
0.019991 -0.050687 0.052271
-0.047896 -0.051232 0.050727
0.009194 -0.053723 0.054852
0.011880 -0.053083 0.054316
-0.042938 -0.053124 0.053159
0.003903 -0.054331 0.055301
-0.043033 -0.056043 0.052329
-0.035348 -0.056722 0.054078
-0.035294 -0.054712 0.054813
0.098324 0.021740 -0.041559
-0.013081 0.011707 -0.034655
-0.030916 0.010290 -0.033725
-0.101545 0.007149 -0.035394
-0.087327 0.007929 -0.032748
-0.086431 0.002747 -0.030540
-0.082861 0.003860 -0.028882
-0.081696 -0.001017 -0.026310
-0.115648 -0.001008 -0.026752
-0.105715 -0.005458 -0.022606
-0.100394 -0.003482 -0.022455
0.062866 -0.030619 0.006193
0.060452 -0.038162 0.013129
0.047670 -0.056665 0.029999
0.043922 -0.060303 0.033289
0.038160 -0.065753 0.038215
0.032849 -0.069387 0.041312
-0.024679 -0.070180 0.040968
0.019176 -0.074345 0.045768
0.007551 -0.077570 0.048507
-0.025640 -0.078381 0.048546
0.088063 0.014800 -0.049552
0.098023 0.010697 -0.045536
0.097387 0.008434 -0.043453
0.097494 0.008183 -0.039860
0.055773 0.006535 -0.042587
0.081640 0.004531 -0.040175
0.016492 0.005442 -0.042418
0.031977 0.005459 -0.039557
0.096975 0.001750 -0.037269
-0.017361 0.006122 -0.043774
-0.046514 0.002356 -0.040910
-0.076966 -0.012505 -0.027795
-0.083129 -0.019937 -0.020007
-0.082367 -0.020492 -0.020511
0.059868 -0.041367 0.001884
0.057456 -0.045956 0.006084
0.050591 -0.058137 0.017223
-0.059730 -0.065055 0.022713
0.038610 -0.072847 0.030595
0.024436 -0.010550 -0.055835
0.032143 -0.011604 -0.054693
-0.004392 -0.013581 -0.057069
0.039674 -0.014324 -0.052288
-0.020189 -0.014307 -0.056005
-0.041640 -0.017747 -0.050893
-0.036415 -0.019584 -0.052219
-0.044366 -0.018554 -0.049895
-0.036421 -0.019695 -0.052218
-0.044644 -0.023005 -0.049261
-0.047391 -0.024213 -0.048267
0.051108 -0.029404 -0.040199
0.087407 -0.030052 -0.036413
-0.052933 -0.026961 -0.045840
-0.058751 -0.030997 -0.040441
0.056883 -0.040013 -0.027840
-0.060659 -0.037537 -0.036207
-0.065727 -0.045878 -0.026619
-0.065238 -0.050718 -0.024092
-0.063351 -0.062321 -0.013301
-0.062446 -0.063616 -0.012083
-0.061152 -0.062586 -0.009458
-0.062858 -0.065012 -0.007247
0.022111 -0.057956 -0.058119
-0.027969 -0.063700 -0.056526
0.029825 0.128517 0.008615
-0.045879 0.129680 0.007981
0.037755 0.106703 0.028378
-0.066925 0.105217 0.028908
-0.012732 0.076592 0.054867
-0.006790 0.066872 0.037397
-0.026300 0.056880 0.047220
0.017271 0.122386 -0.040686
0.027302 0.118887 -0.037228
0.031146 0.116550 -0.034980
-0.071009 0.104079 -0.025618
0.051805 0.096294 -0.015769
0.052987 0.093040 -0.012729
0.053646 0.090445 -0.010311
0.053965 0.088511 -0.008512
0.059615 0.065208 0.013201
-0.051842 0.067565 0.009329
-0.054920 0.063153 0.012646
-0.053033 0.057690 0.017748
0.032650 0.049365 0.027301
0.011391 0.049882 0.026366
-0.051263 0.050552 0.025654
-0.041119 0.048542 0.028615
-0.013182 0.040655 0.034387
-0.010638 0.040344 0.035160
-0.010763 0.109093 -0.060926
-0.008156 0.109066 -0.060846
-0.002947 0.111086 -0.059055
-0.000402 0.108412 -0.060073
-0.024034 0.108128 -0.058791
0.007292 0.109363 -0.057238
0.023860 0.104708 -0.052570
0.032283 0.099886 -0.047921
-0.043151 0.102114 -0.051605
0.047536 0.096400 -0.044364
-0.048742 0.098830 -0.048876
0.039638 0.095819 -0.043995
-0.051561 0.097113 -0.047240
-0.049995 0.095307 -0.048996
-0.053667 0.095350 -0.045563
0.049445 0.076675 -0.029597
-0.076057 0.073516 -0.025814
-0.072787 0.058156 -0.015062
0.078521 0.046820 -0.001312
0.083403 0.045644 0.002746
0.093812 0.043738 0.002003
0.080735 0.045559 0.003455
0.064792 0.043003 0.005233
-0.093674 0.049596 -0.004029
-0.088379 0.048119 -0.006098
-0.078688 0.046812 -0.001127
-0.067779 0.045713 -0.003426
-0.069622 0.046336 -0.000493
-0.117377 0.045678 -0.004458
-0.070807 0.044263 0.001403
0.019886 0.038597 0.008600
0.022535 0.038929 0.008349
0.014452 0.036778 0.010169
-0.064880 0.038419 0.006945
0.053337 0.030456 0.013310
0.100627 0.029745 0.018535
0.105587 0.027717 0.016969
0.056211 0.030155 0.017201
-0.064092 0.033564 0.009494
-0.004855 0.031438 0.014701
0.056692 0.028213 0.019011
-0.012415 0.030247 0.015643
-0.015250 0.027254 0.016559
-0.007475 0.027192 0.017477
0.096626 0.022285 0.025360
0.056534 0.020702 0.022416
0.098685 0.018939 0.025851
0.101452 0.019742 0.024270
0.097547 0.016635 0.027065
-0.127469 0.027253 0.013889
-0.054541 0.022688 0.018192
0.082427 0.015013 0.031096
0.066656 0.013180 0.030965
-0.055505 0.017964 0.024511
0.009434 0.014098 0.027524
-0.037551 0.014343 0.026719
-0.032144 0.015679 0.025167
-0.006454 0.014188 0.030492
0.017060 0.012347 0.029310
-0.040160 0.014094 0.026463
0.008892 0.011328 0.033193
0.021895 0.009282 0.032627
-0.129659 0.016889 0.025503
-0.041211 0.010336 0.033473
-0.062748 0.009547 0.033742
-0.056616 0.008217 0.033079
0.018606 0.004793 0.038907
0.021209 0.004266 0.038666
-0.062391 0.002566 0.036667
0.023152 -0.002366 0.043290
-0.123636 0.005069 0.036584
-0.078931 -0.004056 0.043928
0.019661 -0.009667 0.050352
-0.115496 -0.003122 0.044157
-0.089765 -0.006886 0.047196
-0.043066 -0.009448 0.050341
-0.038335 -0.013041 0.054755
0.000570 -0.017013 0.056159
0.003543 0.078848 -0.063874
0.008710 0.079518 -0.062495
-0.020054 0.079244 -0.062585
0.007266 0.076399 -0.062202
0.010881 0.074543 -0.059900
0.013308 0.072675 -0.058622
-0.026758 0.072430 -0.059255
-0.033773 0.073961 -0.057274
-0.036657 0.070881 -0.054482
0.028122 0.067099 -0.050366
-0.031636 0.067798 -0.055069
0.030543 0.065948 -0.048469
0.026589 0.061965 -0.048414
0.030268 0.063236 -0.046572
0.045140 0.062760 -0.045202
0.042925 0.060230 -0.042905
0.047975 0.058749 -0.041480
0.026805 0.054746 -0.040793
0.022797 0.050660 -0.038021
0.095569 0.039581 -0.026194
0.069343 0.040641 -0.024188
0.064013 0.039705 -0.023435
0.051121 0.031920 -0.020049
0.047502 0.030334 -0.018658
0.047387 0.031471 -0.016163
0.112083 0.026435 -0.010555
0.037583 0.026727 -0.011978
0.106471 0.021910 -0.008461
-0.077909 0.031410 -0.018796
0.033191 0.023273 -0.012422
0.033619 0.023384 -0.012248
0.020399 0.023238 -0.010229
-0.121072 0.027523 -0.019671
-0.073022 0.026441 -0.017637
-0.023864 0.024842 -0.011551
0.015152 0.023675 -0.009631
0.020311 0.023149 -0.009034
-0.029129 0.022342 -0.012898
-0.047635 0.022459 -0.009853
0.108700 0.005894 0.005300
-0.125577 0.016255 -0.009328
-0.126400 0.014381 -0.007609
0.109164 0.003803 0.010799
0.105525 -0.007015 0.020743
0.063074 -0.012883 0.025269
0.078142 -0.020074 0.028705
0.054410 -0.021011 0.030924
0.053504 -0.020122 0.031772
0.049511 -0.025665 0.036821
-0.077586 -0.028441 0.033115
-0.069704 -0.034374 0.038781
-0.064796 -0.034926 0.042948
0.036552 -0.038757 0.048674
0.039221 -0.040381 0.046685
-0.057689 -0.041285 0.048696
-0.042720 -0.047016 0.054624
-0.011628 -0.048978 0.057109
-0.008975 -0.048613 0.056828
-0.006327 -0.048289 0.056585
-0.002130 -0.051568 0.056163
-0.040211 -0.047880 0.055478
-0.030009 -0.051971 0.056045
0.106584 0.012805 -0.026003
0.005606 0.013806 -0.030015
0.024521 0.011504 -0.030109
-0.009978 0.012895 -0.032138
-0.101295 0.015352 -0.032825
-0.072736 0.008782 -0.026124
-0.062897 0.006792 -0.027620
-0.054977 0.007551 -0.028153
-0.068150 0.006511 -0.027472
-0.106231 -0.006261 -0.015837
0.061542 -0.034534 0.013342
0.060620 -0.036403 0.015054
0.056768 -0.041233 0.019446
0.053527 -0.045618 0.023440
0.052467 -0.047480 0.025142
-0.072130 -0.049764 0.024584
-0.070028 -0.050796 0.029136
-0.045768 -0.063422 0.037804
0.024719 -0.069731 0.045163
-0.038191 -0.073405 0.047217
-0.015719 -0.029729 -0.056724
-0.010508 -0.030935 -0.057368
-0.021106 -0.032412 -0.056458
0.028177 -0.034648 -0.052632
0.006652 -0.039272 -0.047357
-0.048158 -0.040866 -0.049778
0.048611 -0.060062 -0.027478
-0.046678 -0.071183 -0.018935
-0.049153 -0.077805 -0.012853
-0.047593 -0.078992 -0.011719
-0.038415 -0.060184 -0.054045
-0.035803 -0.061090 -0.054694
-0.022210 0.137696 0.011954
0.015774 0.131766 0.018053
-0.033256 0.132527 0.016514
0.018155 0.129724 0.019996
0.018585 0.129297 0.020400
0.024398 0.112472 0.036780
0.018248 0.110396 0.041456
0.023182 0.106453 0.041665
-0.043792 0.109299 0.037590
0.009843 0.101348 0.049659
0.007089 0.100120 0.050738
-0.011732 0.093309 0.053094
-0.025254 0.140566 -0.012286
0.028113 0.132018 -0.003219
0.039785 0.121969 0.002791
-0.057380 0.123077 0.003229
-0.061759 0.121027 0.004308
-0.069996 0.117955 0.007642
-0.069882 0.117980 0.007683
0.046620 0.102288 0.024723
0.035776 0.083833 0.038039
-0.072620 0.087597 0.032226
0.014774 0.079032 0.045588
-0.045885 0.076707 0.043086
-0.005299 0.068189 0.054417
0.005303 0.067912 0.052137
-0.005407 0.065612 0.054038
-0.019102 0.130238 -0.038089
-0.031709 0.127064 -0.035419
0.053509 0.105342 -0.013464
0.058936 0.068629 0.020669
-0.067356 0.074760 0.012277
-0.053565 0.072607 0.014568
0.057347 0.066795 0.022334
0.014654 0.061817 0.026029
-0.073674 0.065392 0.020821
-0.006383 0.060816 0.027043
0.032148 0.055178 0.032556
0.031406 0.054733 0.032953
-0.025688 0.053531 0.035970
-0.028295 0.051694 0.034487
-0.018034 0.050157 0.036131
-0.005717 0.043887 0.042205
0.020279 0.051491 0.012628
0.027830 0.049569 0.015357
-0.102771 0.048537 0.013093
-0.110775 0.046936 0.014197
-0.018052 0.036384 0.026084
-0.080412 0.017224 0.043661
-0.088639 0.013739 0.046551
-0.112185 0.011948 0.045480
-0.099430 0.009088 0.047852
-0.096835 0.008914 0.047993
-0.046239 0.091102 -0.053071
-0.061060 0.052688 -0.019494
0.018235 0.039424 -0.004541
0.018378 0.039534 -0.006504
-0.027432 0.028507 0.004816
-0.033055 0.024451 0.007417
0.011057 0.021719 0.010051
0.043870 0.013203 0.020399
0.041057 0.011203 0.021730
-0.128472 0.012858 0.017440
-0.128707 0.011458 0.019746
-0.056577 -0.020081 0.048676
-0.028903 0.067985 -0.056634
0.022094 0.057478 -0.046137
-0.035210 0.058868 -0.048043
-0.030762 0.052975 -0.041316
0.109754 0.026682 -0.014435
0.031048 0.022513 -0.013516
0.106274 0.018882 -0.007911
0.110817 0.011846 -0.003396
-0.028276 0.010765 -0.033749
-0.040256 -0.068592 0.040611
-0.029870 -0.069513 0.040930
-0.025597 -0.076392 0.049433
-0.001582 0.000764 -0.049123
0.019367 0.001339 -0.049206
0.068460 -0.003487 -0.044614
0.070626 -0.008208 -0.041747
0.069739 -0.016053 -0.034944
-0.067235 -0.013166 -0.037625
0.064032 -0.020577 -0.031492
-0.069063 -0.018673 -0.036113
0.054543 -0.050225 -0.000675
0.048853 -0.063198 0.007673
0.046651 -0.065150 0.012984
0.039465 -0.073605 0.018330
0.039241 -0.074122 0.021138
-0.041455 -0.014179 -0.050859
-0.068583 -0.045975 -0.023234
0.055722 -0.054546 -0.012904
0.023408 -0.086177 0.014243
0.010134 -0.038192 -0.058935
-0.016075 -0.037412 -0.057380
0.007507 -0.038336 -0.058858
-0.019402 -0.040569 -0.057367
0.025419 -0.041402 -0.055633
0.029091 -0.054574 -0.043269
-0.052843 -0.057989 -0.041944
0.035896 -0.063380 -0.035044
0.008848 -0.064016 -0.059904
0.003471 -0.067120 -0.060094
-0.017728 -0.069938 -0.058127
-0.030952 -0.073277 -0.055714
-0.002441 0.133008 0.024791
0.000332 0.133699 0.023031
0.012016 0.122327 0.034322
0.013306 0.118174 0.037694
-0.033462 0.112592 0.041862
0.000042 0.111020 0.047528
-0.020924 0.109736 0.047332
-0.028776 0.108031 0.046189
0.023247 0.134627 -0.004863
0.032949 0.128587 0.001384
-0.047707 0.131352 -0.001994
0.037462 0.122872 0.007325
-0.073050 0.114856 0.011603
0.043446 0.107809 0.022594
0.042570 0.099465 0.028857
-0.074386 0.103270 0.022004
-0.067189 0.082019 0.015323
-0.039986 0.068851 0.027629
-0.024397 0.067043 0.027649
-0.024643 0.066104 0.030453
-0.032878 0.062950 0.033698
-0.030502 0.060697 0.035413
-0.028111 0.057813 0.036446
-0.046495 0.056881 0.036959
0.002105 0.049527 0.046713
0.019860 0.120080 -0.042045
0.039629 0.110580 -0.032818
-0.062931 0.104067 -0.028984
-0.075565 0.099284 -0.024824
-0.069805 0.077892 -0.004880
-0.069896 0.062558 0.009325
-0.052446 0.059003 0.011541
-0.017660 0.054069 0.018313
0.037786 0.050268 0.023025
-0.048148 0.051026 0.018858
-0.056154 0.049543 0.020090
-0.033247 0.044267 0.024987
0.000019 0.039810 0.031904
-0.101229 0.044507 0.025378
-0.084317 0.030720 0.038515
-0.118493 0.029474 0.036687
-0.008199 0.107213 -0.061625
0.012318 0.104844 -0.057737
-0.032229 0.103273 -0.057380
0.108061 0.030512 0.012604
-0.042631 0.036583 0.003927
0.110448 0.027793 0.013816
0.001050 0.031663 0.011070
-0.020184 0.028103 0.013000
0.000126 0.023104 0.017867
-0.023884 0.018246 0.021121
-0.021293 0.018280 0.021486
-0.013521 0.018348 0.022545
0.007259 0.016116 0.022763
0.014565 0.013218 0.028255
0.027339 0.009503 0.029705
0.074042 0.006797 0.032696
0.027713 -0.010157 0.046990
0.016640 -0.014216 0.052749
-0.089948 -0.010544 0.047065
-0.053603 -0.013504 0.048468
-0.046281 -0.017127 0.053178
-0.041528 -0.021685 0.056550
-0.024158 0.083498 -0.062353
0.013662 0.077902 -0.059765
0.031059 0.072473 -0.050953
-0.039362 0.072063 -0.053547
0.033273 0.069088 -0.047769
0.033407 0.068977 -0.047663
0.032841 0.064035 -0.045381
0.040400 0.061750 -0.043044
0.036900 0.054804 -0.035600
0.031268 0.051176 -0.032537
0.049626 0.052712 -0.032245
0.041410 0.049208 -0.029529
0.041354 0.048938 -0.028926
0.058607 0.040241 -0.020497
0.053085 0.037665 -0.018229
0.113223 0.030283 -0.010098
-0.098512 0.035906 -0.019854
0.109023 0.023599 -0.006310
-0.077908 0.033541 -0.017220
-0.023645 0.027869 -0.010800
-0.065180 0.028129 -0.011932
0.006448 0.026292 -0.008693
-0.032412 0.024494 -0.007861
0.104990 -0.005715 0.023078
-0.090986 -0.016534 0.028896
-0.087002 -0.018660 0.030952
0.039842 -0.032977 0.046940
0.036745 -0.034992 0.048740
0.020333 -0.042238 0.053702
0.022941 -0.042950 0.053261
-0.043174 -0.043965 0.055338
-0.027248 -0.047781 0.057078
0.073721 0.029716 -0.038826
0.077655 0.029915 -0.038926
0.085457 0.029675 -0.038536
0.063775 0.028320 -0.037746
-0.015420 0.015089 -0.027440
-0.117260 0.014877 -0.029176
-0.060343 0.010547 -0.023943
-0.057742 0.010469 -0.023814
-0.048303 -0.064949 0.046266
0.003297 -0.070230 0.052061
-0.025457 -0.070919 0.051522
-0.034353 -0.076589 0.025001
-0.009776 -0.016406 -0.056958
-0.007156 -0.017093 -0.057551
-0.004532 -0.016977 -0.057603
0.034210 -0.020484 -0.053521
0.048752 -0.028031 -0.042863
-0.044946 -0.026707 -0.049455
0.047418 -0.031548 -0.042987
0.052844 -0.038661 -0.034592
0.056454 -0.051543 -0.021115
0.053448 -0.056700 -0.019375
-0.056032 -0.053419 -0.021392
-0.059753 -0.065029 -0.014266
0.035414 -0.076275 -0.000480
0.009804 -0.045246 -0.059508
0.012367 -0.046343 -0.059590
-0.011788 -0.046420 -0.058883
-0.051407 -0.059682 -0.047445
0.010490 -0.080743 -0.058542
0.020848 -0.080446 -0.056908
-0.023541 -0.079478 -0.056911
-0.012581 0.134846 0.021644
0.008204 0.132425 0.021658
-0.033967 0.128580 0.023707
-0.031387 0.129058 0.024551
0.012479 0.125443 0.030049
0.015086 0.124752 0.029632
-0.040270 0.119268 0.032087
-0.040719 0.115598 0.035762
-0.040939 0.113517 0.037332
0.011851 0.136547 0.009988
0.016747 0.133802 0.012677
0.019115 0.131911 0.014782
-0.038328 0.131550 0.013541
-0.044960 0.125512 0.018993
-0.044266 0.125757 0.019346
0.029943 0.117752 0.027791
0.020449 0.098525 0.045402
0.007685 0.092076 0.051103
-0.014556 0.089638 0.053348
0.031119 0.130348 -0.008496
-0.053049 0.126742 -0.003810
-0.063708 0.121791 -0.002816
-0.058494 0.122819 -0.003657
0.050303 0.116280 0.005670
0.054570 0.109617 0.014406
0.056724 0.105406 0.017824
-0.076581 0.101375 0.015824
-0.076128 0.091765 0.024738
0.041528 0.086764 0.034237
0.041105 0.083704 0.034723
0.032880 0.078389 0.039471
-0.061187 0.077697 0.038366
-0.043483 0.073334 0.043592
-0.033321 0.070529 0.045695
0.041891 0.122158 -0.004440
-0.063604 0.121640 -0.006225
0.058388 0.090617 0.025138
0.057645 0.085220 0.026907
0.005046 0.061484 0.050986
0.052792 0.097602 -0.006526
-0.069221 0.080935 0.006190
0.025445 0.063753 0.022701
0.043366 0.061573 0.026465
0.019803 0.060522 0.026193
0.025982 0.052080 0.006286
-0.089036 0.049495 0.004316
0.081751 0.036204 0.019281
0.000652 0.035016 0.019271
-0.046812 0.081202 -0.052303
-0.053121 0.072166 -0.043625
-0.053343 0.070187 -0.041943
-0.054227 0.062191 -0.035303
0.026325 0.037310 -0.009655
0.043818 0.030489 -0.003266
-0.032331 0.027831 -0.000388
0.055800 -0.000239 0.026620
-0.030674 -0.004649 0.026295
-0.028101 -0.003859 0.027475
-0.096677 -0.009433 0.032009
0.040602 -0.018848 0.043070
-0.052213 -0.030890 0.052937
0.002298 0.063333 -0.057715
-0.003318 0.058986 -0.055428
-0.016740 0.056068 -0.052584
0.015778 0.022096 -0.019754
-0.073076 0.020130 -0.021589
0.073372 -0.021957 0.020750
0.030642 -0.051359 0.048989
0.009000 -0.058097 0.054359
-0.025143 -0.061378 0.054184
0.077207 0.000628 -0.054458
0.079807 0.000260 -0.054528
0.034860 -0.004332 -0.050720
-0.001563 -0.003314 -0.052445
-0.027866 -0.005028 -0.051422
0.052378 -0.010763 -0.044386
0.052113 -0.015077 -0.043824
-0.046700 -0.011477 -0.048601
0.062232 -0.016050 -0.039743
0.062024 -0.018604 -0.038682
0.052593 -0.054426 -0.005468
0.005642 -0.022381 -0.057619
0.008352 -0.020521 -0.057593
-0.010042 -0.021571 -0.057015
0.033897 -0.025271 -0.052643
0.046348 -0.037094 -0.041422
0.045368 -0.039944 -0.040779
0.050043 -0.043419 -0.035482
-0.057040 -0.045097 -0.036226
0.043599 -0.063792 -0.016744
0.004738 -0.041809 -0.059250
0.022847 -0.043197 -0.057575
-0.011038 -0.042791 -0.058679
-0.035108 -0.047726 -0.054623
0.003176 -0.072103 -0.059619
0.011001 -0.072152 -0.059406
0.024995 -0.079894 -0.051933
0.004705 0.140530 0.003026
-0.018885 0.140648 0.004016
0.024101 0.128854 0.015957
-0.049866 0.120701 0.020868
0.032929 0.114387 0.028380
0.028996 0.103098 0.038772
-0.019857 0.139994 -0.019924
-0.076442 0.103260 0.014030
0.024895 0.075932 0.039664
-0.023583 0.062962 0.050295
-0.094755 0.034530 0.037464
-0.100598 0.028430 0.041676
-0.095621 0.025723 0.043230
0.039663 0.097077 -0.043420
0.080320 0.043834 0.008100
0.082914 0.043683 0.008265
-0.093687 0.049666 -0.003791
0.087875 0.041700 0.010600
-0.073392 0.045287 0.001745
0.008938 0.035963 0.013643
0.099763 0.030083 0.018790
-0.004240 0.034016 0.013717
-0.064338 0.032653 0.012328
-0.060053 0.025186 0.020196
-0.024846 0.013655 0.031436
0.008659 0.009839 0.035404
-0.064435 0.010203 0.034237
0.003003 0.007228 0.039565
0.005602 0.006883 0.039520
-0.043902 0.007132 0.037368
0.002104 -0.000134 0.046889
0.012507 -0.001805 0.046399
-0.042211 -0.000200 0.045053
0.004477 -0.002233 0.048769
-0.097563 -0.005811 0.047370
-0.027975 -0.012842 0.056284
0.049037 0.070640 -0.047735
0.038421 0.069920 -0.046008
-0.044807 0.071901 -0.050560
-0.046588 0.056443 -0.036704
0.038800 0.050038 -0.028962
-0.041839 0.052076 -0.033126
0.110695 0.017113 0.002289
-0.091841 -0.017602 0.031484
-0.012676 -0.028308 0.041486
-0.064636 -0.030836 0.043718
-0.016685 -0.044771 0.057823
-0.028646 0.015198 -0.025147
0.050480 -0.043998 0.032510
-0.050774 -0.061967 0.046447
0.055073 -0.007949 -0.043438
0.061223 -0.022275 -0.029979
-0.071903 -0.022524 -0.032938
0.084238 -0.030541 -0.021826
0.048853 -0.062529 0.004546
0.008427 -0.019210 -0.057685
0.020507 -0.039099 -0.058421
